Output file generated by Rocket Thermal Analysis

Type of analysis: Case temperature distribution
        
Analysis Information:
 Case material: Aluminum 6061 - T6
 Insulator Material: EPDM
 Insulator thickness: 0.003 m
 Case thickness: 0.00555 m
 Inner cylinder radius: 0.11 m
 Time Steps: 7000
 Burn time: 5.5 s
 Radial Steps: 25
 Convection coefficient: 1296 W/m2-K
 Initial case temperature: 297 K
 Combustion Temperature: 1600 K
        
Date:2020-10-20 19:39:06.716969
        
Method:Explicit
        
The following dataframe is organized by Time step x Radial position 

               0            1           2           3           4           5           6           7           8           9           10          11          12          13          14          15          16          17          18          19          20          21          22          23          24          25
0      297.000000   297.000000  297.000000  297.000000  297.000000  297.000000  297.000000  297.000000  297.000000  297.000000  297.000000  297.000000  297.000000  297.000000  297.000000  297.000000  297.000000  297.000000  297.000000  297.000000  297.000000  297.000000  297.000000  297.000000  297.000000  297.000000
1      298.963591   297.000000  297.000000  297.000000  297.000000  297.000000  297.000000  297.000000  297.000000  297.000000  297.000000  297.000000  297.000000  297.000000  297.000000  297.000000  297.000000  297.000000  297.000000  297.000000  297.000000  297.000000  297.000000  297.000000  297.000000  297.000000
2      300.922887   297.001531  297.000000  297.000000  297.000000  297.000000  297.000000  297.000000  297.000000  297.000000  297.000000  297.000000  297.000000  297.000000  297.000000  297.000000  297.000000  297.000000  297.000000  297.000000  297.000000  297.000000  297.000000  297.000000  297.000000  297.000000
3      302.877900   297.004588  297.000001  297.000000  297.000000  297.000000  297.000000  297.000000  297.000000  297.000000  297.000000  297.000000  297.000000  297.000000  297.000000  297.000000  297.000000  297.000000  297.000000  297.000000  297.000000  297.000000  297.000000  297.000000  297.000000  297.000000
4      304.828639   297.009166  297.000005  297.000000  297.000000  297.000000  297.000000  297.000000  297.000000  297.000000  297.000000  297.000000  297.000000  297.000000  297.000000  297.000000  297.000000  297.000000  297.000000  297.000000  297.000000  297.000000  297.000000  297.000000  297.000000  297.000000
...           ...          ...         ...         ...         ...         ...         ...         ...         ...         ...         ...         ...         ...         ...         ...         ...         ...         ...         ...         ...         ...         ...         ...         ...         ...         ...
6995  1454.044399  1146.627868  880.380401  670.647677  520.046811  421.264384  362.137980  330.421529  316.853089  316.531457  316.232848  315.957010  315.703706  315.472716  315.263834  315.076869  314.911644  314.767999  314.645787  314.544876  314.465151  314.406508  314.368860  314.352134  314.356271  314.381227
6996  1454.055309  1146.659331  880.423971  670.693433  520.086988  421.295171  362.159282  330.435650  316.863420  316.541699  316.243006  315.967091  315.713717  315.482663  315.273724  315.086708  314.921439  314.777756  314.655512  314.554577  314.474833  314.416179  314.378525  314.361800  314.365945  314.390915
6997  1454.066217  1146.690788  880.467534  670.739182  520.127162  421.325958  362.180586  330.449775  316.873754  316.551942  316.253167  315.977175  315.723731  315.492613  315.283616  315.096550  314.931236  314.787516  314.665241  314.564281  314.484519  314.425852  314.388194  314.371470  314.375622  314.400605
6998  1454.077122  1146.722238  880.511088  670.784925  520.167333  421.356745  362.201891  330.463902  316.884090  316.562189  316.263330  315.987261  315.733747  315.502566  315.293512  315.106395  314.941037  314.797279  314.674973  314.573988  314.494208  314.435529  314.397865  314.381142  314.385301  314.410299
6999  1454.088025  1146.753681  880.554635  670.830662  520.207501  421.387531  362.223199  330.478032  316.894430  316.572439  316.273497  315.997351  315.743767  315.512522  315.303411  315.116242  314.950841  314.807044  314.684707  314.583698  314.503899  314.445209  314.407539  314.390817  314.394984  314.419996

[7000 rows x 26 columns]